=================== Speed = 30 km/hr ===================
|    |   NO | Strip                                  |   Speed |      E_MMS |       N_MMS |   h_MMS |      E_RTK |       N_RTK |   h_RTK |     dE |     dN |     dh |
|---:|-----:|:---------------------------------------|--------:|-----------:|------------:|--------:|-----------:|------------:|--------:|-------:|-------:|-------:|
|  0 |   14 | Run 1S2224590_20240621_030057_0001.las |      30 | 678411.575 | 1527288.597 |   0.780 | 678411.533 | 1527288.589 |   0.780 |  0.042 |  0.008 |  0.000 |
|  1 |   15 | Run 1S2224590_20240621_030057_0001.las |      30 | 678679.593 | 1527097.774 |   1.280 | 678679.553 | 1527097.762 |   1.280 |  0.040 |  0.012 |  0.000 |
|  2 |   12 | Run 1S2224590_20240621_030057_0001.las |      30 | 678666.406 | 1527065.789 |   1.240 | 678666.393 | 1527065.835 |   1.230 |  0.013 | -0.046 |  0.010 |
|  3 |   16 | Run 1S2224590_20240621_030057_0001.las |      30 | 679087.601 | 1527055.659 |   1.420 | 679087.575 | 1527055.660 |   1.423 |  0.026 | -0.001 | -0.003 |
|  4 |    1 | Run 1S2224590_20240621_030057_0001.las |      30 | 679471.787 | 1527234.388 |   1.830 | 679471.777 | 1527234.408 |   1.820 |  0.010 | -0.020 |  0.010 |
|  5 |    2 | Run 1S2224590_20240621_030057_0001.las |      30 | 679885.987 | 1527384.846 |   1.600 | 679885.955 | 1527384.827 |   1.600 |  0.032 |  0.019 |  0.000 |
|  6 |   11 | Run 1S2224590_20240621_030057_0001.las |      30 | 679095.995 | 1527033.069 |   1.370 | 679095.989 | 1527033.098 |   1.376 |  0.006 | -0.029 | -0.006 |
|  7 |   10 | Run 1S2224590_20240621_030057_0001.las |      30 | 679468.432 | 1527205.654 |   1.780 | 679468.435 | 1527205.682 |   1.770 | -0.003 | -0.028 |  0.010 |
|  8 |    9 | Run 1S2224590_20240621_030057_0001.las |      30 | 679883.595 | 1527356.852 |   1.630 | 679883.581 | 1527356.883 |   1.630 |  0.014 | -0.031 |  0.000 |
|  9 |    3 | Run 1S2224590_20240621_030057_0001.las |      30 | 680265.211 | 1527515.122 |   1.370 | 680265.197 | 1527515.106 |   1.368 |  0.014 |  0.016 |  0.002 |
| 10 |    4 | Run 1S2224590_20240621_030057_0001.las |      30 | 680677.404 | 1527698.115 |   1.560 | 680677.419 | 1527698.100 |   1.566 | -0.015 |  0.015 | -0.006 |
| 11 |    8 | Run 1S2224590_20240621_030057_0001.las |      30 | 680268.117 | 1527490.281 |   1.370 | 680268.134 | 1527490.313 |   1.370 | -0.017 | -0.032 |  0.000 |
| 12 |    7 | Run 1S2224590_20240621_030057_0001.las |      30 | 680734.239 | 1527597.882 |   1.590 | 680734.242 | 1527597.892 |   1.590 | -0.003 | -0.010 |  0.000 |
| 13 |    5 | Run 1S2224590_20240621_030057_0001.las |      30 | 681193.983 | 1527766.592 |   1.640 | 681193.957 | 1527766.597 |   1.630 |  0.026 | -0.005 |  0.010 |
| 14 |    6 | Run 1S2224590_20240621_030057_0001.las |      30 | 681222.949 | 1527696.704 |   1.490 | 681222.923 | 1527696.746 |   1.470 |  0.026 | -0.042 |  0.020 |
RMSE_H  = 0.033
RMSE_V  = 0.008
RMSE_3d = 0.034
| Name   |    dE |    dN |    dh |
|:-------|------:|------:|------:|
| MAE    | 0.019 | 0.018 | 0.001 |
| STD    | 0.021 | 0.022 | 0.001 |
| MSE    | 0.005 | 0.007 | 0.000 |
===========================================================